acc-p0: 0.7875700458481916 +- 0
acc-p1: 0.7443708609271523 +- 0
acc-all-p: 0.7659704533876719 +- 0.030546436599398503
acc-p0: 0.734375 +- 0
acc-p1: 0.6822916666666666 +- 0
acc-all-p: 0.7083333333333333 +- 0.03682847818679938
